[array([[ 0.58081327,  0.2962823 , -0.19671563,  0.25301767],
       [-0.03897856, -0.01015707,  0.28138937, -0.17010189],
       [-0.0614677 ,  0.70038153, -0.18253286, -0.09554459]]), array([[ 0.43693262,  0.05265714,  0.08662446,  0.28252392],
       [-0.01632571,  0.38246951,  0.47723787,  0.05925105],
       [ 0.73688594,  0.52672638,  0.03292876, -0.09480354],
       [ 0.33912968,  0.47013943,  0.21576156, -0.16146068]]), array([[-0.08352749, -0.71240894, -0.35983438],
       [-0.76247289, -0.66800195, -0.23426195],
       [-0.4911043 ,  0.05101299, -0.28796206],
       [ 0.13868039,  0.14896211, -0.05215439]])]
[array([[0.3422196 , 0.32573839, 0.51258351, 0.0402301 ]]), array([[-0.3076785 , -0.00066922,  0.3282285 , -0.17124499]]), array([[-0.19971798, -0.91770992, -1.04749187]])]
